all	0	313763	50390601	0.0062266
all	1	23630	50390601	0.0004689
all	2	17020	50390601	0.0003378
all	3	14700	50390601	0.0002917
all	4	15294	50390601	0.0003035
all	5	14022	50390601	0.0002783
all	6	14722	50390601	0.0002922
all	7	14887	50390601	0.0002954
all	8	15842	50390601	0.0003144
all	9	16440	50390601	0.0003263
all	10	17285	50390601	0.0003430
all	11	18681	50390601	0.0003707
all	12	18997	50390601	0.0003770
all	13	19891	50390601	0.0003947
all	14	21705	50390601	0.0004307
all	15	22180	50390601	0.0004402
all	16	23411	50390601	0.0004646
all	17	24694	50390601	0.0004901
all	18	26136	50390601	0.0005187
all	19	27221	50390601	0.0005402
all	20	28790	50390601	0.0005713
all	21	30249	50390601	0.0006003
all	22	31827	50390601	0.0006316
all	23	33216	50390601	0.0006592
all	24	34954	50390601	0.0006937
all	25	37326	50390601	0.0007407
all	26	39777	50390601	0.0007894
all	27	40566	50390601	0.0008050
all	28	43099	50390601	0.0008553
all	29	45525	50390601	0.0009034
all	30	47496	50390601	0.0009426
all	31	49351	50390601	0.0009794
all	32	51808	50390601	0.0010281
all	33	54541	50390601	0.0010824
all	34	57324	50390601	0.0011376
all	35	60213	50390601	0.0011949
all	36	63034	50390601	0.0012509
all	37	66480	50390601	0.0013193
all	38	69851	50390601	0.0013862
all	39	73063	50390601	0.0014499
all	40	76619	50390601	0.0015205
all	41	80214	50390601	0.0015918
all	42	83397	50390601	0.0016550
all	43	87129	50390601	0.0017291
all	44	91212	50390601	0.0018101
all	45	95180	50390601	0.0018888
all	46	99266	50390601	0.0019699
all	47	102719	50390601	0.0020385
all	48	107109	50390601	0.0021256
all	49	112352	50390601	0.0022296
all	50	116488	50390601	0.0023117
all	51	120863	50390601	0.0023985
all	52	125471	50390601	0.0024900
all	53	130704	50390601	0.0025938
all	54	135622	50390601	0.0026914
all	55	140812	50390601	0.0027944
all	56	145880	50390601	0.0028950
all	57	152089	50390601	0.0030182
all	58	156492	50390601	0.0031056
all	59	162182	50390601	0.0032185
all	60	166490	50390601	0.0033040
all	61	171496	50390601	0.0034033
all	62	176819	50390601	0.0035090
all	63	182000	50390601	0.0036118
all	64	187227	50390601	0.0037155
all	65	192575	50390601	0.0038216
all	66	198153	50390601	0.0039323
all	67	203104	50390601	0.0040306
all	68	208944	50390601	0.0041465
all	69	214465	50390601	0.0042561
all	70	220152	50390601	0.0043689
all	71	225482	50390601	0.0044747
all	72	231563	50390601	0.0045954
all	73	235654	50390601	0.0046765
all	74	243096	50390601	0.0048242
all	75	247062	50390601	0.0049029
all	76	253499	50390601	0.0050307
all	77	258762	50390601	0.0051351
all	78	263768	50390601	0.0052345
all	79	269940	50390601	0.0053570
all	80	274908	50390601	0.0054555
all	81	281400	50390601	0.0055844
all	82	285567	50390601	0.0056671
all	83	291519	50390601	0.0057852
all	84	296195	50390601	0.0058780
all	85	301158	50390601	0.0059765
all	86	307558	50390601	0.0061035
all	87	311505	50390601	0.0061818
all	88	316656	50390601	0.0062840
all	89	320169	50390601	0.0063537
all	90	325869	50390601	0.0064669
all	91	329520	50390601	0.0065393
all	92	332616	50390601	0.0066008
all	93	338614	50390601	0.0067198
all	94	343494	50390601	0.0068166
all	95	348075	50390601	0.0069075
all	96	352721	50390601	0.0069997
all	97	357069	50390601	0.0070860
all	98	360898	50390601	0.0071620
all	99	365486	50390601	0.0072531
all	100	368998	50390601	0.0073228
all	101	373260	50390601	0.0074073
all	102	377219	50390601	0.0074859
all	103	379440	50390601	0.0075300
all	104	384364	50390601	0.0076277
all	105	388390	50390601	0.0077076
all	106	392680	50390601	0.0077927
all	107	395548	50390601	0.0078496
all	108	399057	50390601	0.0079193
all	109	403427	50390601	0.0080060
all	110	406326	50390601	0.0080635
all	111	410228	50390601	0.0081410
all	112	412126	50390601	0.0081786
all	113	415044	50390601	0.0082365
all	114	419333	50390601	0.0083217
all	115	420156	50390601	0.0083380
all	116	424886	50390601	0.0084319
all	117	427922	50390601	0.0084921
all	118	429184	50390601	0.0085171
all	119	431579	50390601	0.0085647
all	120	434611	50390601	0.0086248
all	121	436310	50390601	0.0086586
all	122	438550	50390601	0.0087030
all	123	439709	50390601	0.0087260
all	124	442155	50390601	0.0087746
all	125	444006	50390601	0.0088113
all	126	444396	50390601	0.0088190
all	127	445057	50390601	0.0088321
all	128	446875	50390601	0.0088682
all	129	448344	50390601	0.0088974
all	130	448740	50390601	0.0089052
all	131	449420	50390601	0.0089187
all	132	448879	50390601	0.0089080
all	133	451210	50390601	0.0089542
all	134	451007	50390601	0.0089502
all	135	451518	50390601	0.0089604
all	136	449314	50390601	0.0089166
all	137	449645	50390601	0.0089232
all	138	450859	50390601	0.0089473
all	139	451327	50390601	0.0089566
all	140	450392	50390601	0.0089380
all	141	450691	50390601	0.0089439
all	142	448654	50390601	0.0089035
all	143	448161	50390601	0.0088937
all	144	446898	50390601	0.0088687
all	145	447014	50390601	0.0088710
all	146	445345	50390601	0.0088379
all	147	446581	50390601	0.0088624
all	148	444155	50390601	0.0088142
all	149	443056	50390601	0.0087924
all	150	440779	50390601	0.0087472
all	151	439503	50390601	0.0087219
all	152	435884	50390601	0.0086501
all	153	434282	50390601	0.0086183
all	154	432484	50390601	0.0085826
all	155	429179	50390601	0.0085170
all	156	427441	50390601	0.0084826
all	157	424122	50390601	0.0084167
all	158	418843	50390601	0.0083119
all	159	414389	50390601	0.0082235
all	160	410015	50390601	0.0081367
all	161	406943	50390601	0.0080758
all	162	400743	50390601	0.0079527
all	163	396986	50390601	0.0078782
all	164	392995	50390601	0.0077990
all	165	386264	50390601	0.0076654
all	166	382520	50390601	0.0075911
all	167	375014	50390601	0.0074421
all	168	368944	50390601	0.0073217
all	169	362865	50390601	0.0072010
all	170	355303	50390601	0.0070510
all	171	348193	50390601	0.0069099
all	172	340310	50390601	0.0067534
all	173	334026	50390601	0.0066287
all	174	325133	50390601	0.0064523
all	175	315761	50390601	0.0062663
all	176	306512	50390601	0.0060827
all	177	297602	50390601	0.0059059
all	178	285918	50390601	0.0056740
all	179	275993	50390601	0.0054771
all	180	265720	50390601	0.0052732
all	181	254280	50390601	0.0050462
all	182	242703	50390601	0.0048164
all	183	229230	50390601	0.0045491
all	184	216569	50390601	0.0042978
all	185	204377	50390601	0.0040559
all	186	190802	50390601	0.0037865
all	187	177126	50390601	0.0035151
all	188	161737	50390601	0.0032097
all	189	146654	50390601	0.0029103
all	190	133150	50390601	0.0026424
all	191	118682	50390601	0.0023552
all	192	104158	50390601	0.0020670
all	193	90628	50390601	0.0017985
all	194	75249	50390601	0.0014933
all	195	61367	50390601	0.0012178
all	196	48333	50390601	0.0009592
all	197	36921	50390601	0.0007327
all	198	26668	50390601	0.0005292
all	199	18022	50390601	0.0003576
all	200	10817	50390601	0.0002147
all	201	5575	50390601	0.0001106
all	202	2700	50390601	0.0000536
all	203	36	50390601	0.0000007
all	204	8	50390601	0.0000002
all	205	12	50390601	0.0000002
all	206	5	50390601	0.0000001
all	207	6	50390601	0.0000001
all	208	12	50390601	0.0000002
all	209	3	50390601	0.0000001
